30 20 2.0
16 
394.4  783.1  
798.4  911.6  
197.6  335.2  
768.2  277.8  
554.0  477.4  
628.9  364.8  
513.4  952.2  
916.2  635.7  
717.3  141.6  
607.0  16.3  
242.9  137.2  
804.2  156.7  
400.9  129.8  
108.8  998.9  
218.3  512.9  
839.1  612.6  
296.0  637.6  
524.3  493.6  
972.8  292.5  
771.4  526.7  
15 
400.2  891.5  
283.3  352.5  
807.7  919.0  
69.8  949.3  
526.0  86.1  
192.2  663.2  
890.2  348.9  
64.2  20.0  
457.7  63.1  
238.3  970.6  
902.2  850.9  
266.7  539.8  
375.2  760.2  
512.5  667.7  
531.6  39.3  
437.6  931.8  
930.8  721.0  
284.3  738.5  
640.0  354.0  
687.9  166.0  
8 
880.1  829.2  
330.3  229.0  
893.4  350.4  
686.7  956.5  
588.6  657.3  
858.7  439.6  
924.0  398.4  
814.8  684.2  
911.0  482.5  
215.8  950.3  
920.1  147.7  
881.1  641.1  
432.0  619.6  
281.1  786.0  
307.5  447.0  
226.1  187.5  
276.2  556.4  
416.5  169.6  
906.8  103.2  
126.1  495.4  
15 
984.8  935.0  
684.4  383.2  
749.8  368.7  
294.2  232.3  
584.5  244.4  
152.4  732.1  
125.5  793.5  
164.1  745.1  
74.5  950.1  
52.5  521.6  
176.2  240.1  
797.8  732.7  
656.6  967.4  
639.5  759.7  
93.5  134.9  
520.2  78.2  
69.9  204.7  
461.4  819.7  
573.3  755.6  
51.9  157.8  
19 
204.3  890.0  
125.5  997.8  
54.1  870.5  
72.3   4.2  
923.1  593.9  
180.4  163.1  
391.7  913.0  
819.7  359.1  
552.5  579.4  
452.6  687.4  
99.6  530.8  
757.3  304.3  
992.2  577.0  
877.6  747.8  
628.9  35.4  
747.8  833.2  
925.4  873.3  
831.0  979.4  
743.8  903.4  
983.6  666.9  
9 
164.0  830.0  
888.9  77.0  
649.7  248.0  
629.5  229.1  
700.6  316.9  
328.8  231.4  
74.2  633.1  
223.7  651.1  
510.7  971.5  
280.0  546.1  
719.3  113.3  
471.5  592.5  
944.3  450.9  
336.4  847.7  
434.5   3.2  
344.9  598.5  
833.2  233.9  
675.5  483.0  
481.9  305.0  
712.1  182.6  
12 
40.9  414.0  
696.0  673.9  
637.6  347.1  
184.6  609.1  
627.2  730.7  
328.4  740.4  
202.2  920.9  
684.8  653.1  
257.3  532.4  
87.6  260.5  
877.4  686.1  
93.7  111.3  
361.6  576.7  
593.2  666.6  
288.8  775.8  
288.4  329.6  
189.8  984.4  
 3.6  827.4  
331.5  188.2  
436.5  958.6  
18 
764.9  699.1  
121.1  685.8  
383.8  774.3  
943.1  916.3  
861.9  203.5  
793.7  548.0  
297.3  904.9  
909.6  874.0  
498.1  576.2  
162.8  273.9  
864.6  492.4  
463.7  848.9  
496.0  291.1  
180.4  684.2  
727.6  139.1  
603.1  492.4  
838.1  724.3  
178.2  222.0  
498.5  121.3  
138.2  360.4  
6 
931.9  908.5  
622.1  836.8  
818.1  496.1  
335.0  394.3  
658.8  608.9  
258.9  151.2  
72.5  107.8  
647.2  363.6  
288.3  331.4  
91.1  427.3  
934.5  583.6  
265.5  658.7  
761.8  487.4  
157.3  883.0  
625.7  517.7  
207.8  557.6  
426.2  829.9  
394.4  244.3  
326.0  729.4  
638.7  984.8  
6 
897.6  136.1  
410.8   5.4  
783.3  774.4  
293.7  114.7  
865.5  721.0  
49.2  449.1  
986.5  707.9  
210.9  473.9  
865.2  93.9  
99.6  382.9  
301.8  657.1  
809.1  131.7  
51.5  53.4  
457.7  780.9  
692.1  442.6  
119.1  589.6  
578.6  529.9  
595.0  361.9  
304.3  888.7  
476.6  169.8  
12 
525.7  618.9  
596.2  233.7  
829.8  70.1  
98.8  923.7  
169.6  481.7  
225.5  826.8  
290.8  357.2  
878.3  344.3  
814.9  659.1  
36.3  257.5  
778.3  626.0  
836.1  308.2  
221.0  198.0  
612.4  109.7  
674.6  782.3  
719.5  200.4  
401.2  315.7  
434.0  231.0  
385.7  532.8  
154.7  555.4  
0 
380.2  382.2  
305.4  737.4  
260.4  649.7  
552.3  919.6  
686.0  809.8  
697.8  312.0  
645.9   6.0  
533.0  843.9  
618.4  642.7  
518.5  400.7  
362.2  718.9  
801.9  677.8  
152.9  32.9  
63.6  685.7  
187.6  619.0  
700.3  567.8  
 1.1   5.7  
305.2  261.6  
655.4  857.6  
181.2  341.4  
13 
879.0  653.3  
313.2  885.0  
186.3  157.1  
503.5  829.0  
675.7  904.2  
191.1  394.5  
706.1  868.9  
547.4  739.0  
932.5  233.1  
926.6  551.4  
933.4  494.4  
552.6  939.1  
799.6  814.1  
594.5  657.2  
995.3  935.9  
324.5  874.3  
589.2  637.8  
759.3  775.4  
794.9  262.8  
604.4  470.6  
3 
795.5  865.1  
873.0  664.4  
412.5  612.0  
596.9  645.6  
538.6  148.3  
579.0  33.0  
700.9  518.2  
832.6  515.0  
112.6  489.8  
510.3  48.5  
814.4  384.7  
637.7  452.1  
144.0  413.1  
247.0  406.8  
17.5  717.6  
573.7  812.9  
582.7  446.7  
477.4  995.2  
58.7  74.3  
640.8  597.3  
4 
219.8  630.2  
923.5  737.9  
462.9  438.6  
850.6  952.7  
948.9  899.1  
767.0  333.6  
536.7  219.1  
477.6  949.8  
466.2  884.3  
967.3  183.8  
458.0  780.2  
766.4  904.8  
257.6  761.6  
963.5  331.8  
402.4  560.8  
554.4  622.2  
191.0  478.0  
360.1  653.9  
916.5  210.7  
606.5  865.4  
2 
373.6  199.0  
646.5  592.7  
676.6  596.3  
58.9  560.9  
563.6  242.6  
18.9  343.8  
 9.1  923.7  
601.4  770.7  
887.2  933.3  
173.1  448.0  
487.7  795.2  
639.0  965.7  
155.3  292.9  
882.2  366.0  
899.4  747.6  
475.8  273.0  
946.6  122.3  
865.7  623.2  
718.7  924.5  
184.1  282.3  
3 
203.0  626.1  
176.2  126.7  
227.6  946.9  
13.9  160.8  
120.0  461.8  
648.5  915.2  
100.9  614.2  
70.6  393.7  
496.4  436.6  
293.2  244.1  
912.4  566.2  
190.7  34.7  
431.8  813.9  
753.4  356.4  
998.0  35.7  
523.5  200.9  
661.8  699.8  
327.6  889.3  
646.7  341.5  
50.2  766.7  
16 
698.7  681.9  
904.2  312.9  
752.5  297.9  
809.4  189.1  
591.1  53.4  
101.5  157.3  
244.1  136.2  
589.1  58.1  
889.6  945.5  
56.0  925.2  
469.1  257.0  
587.0  168.8  
584.6  476.4  
815.5  926.1  
526.5  582.3  
729.4  225.2  
264.2  633.6  
538.2  16.7  
931.5  347.5  
205.7  522.6  
8 
307.2  679.9  
645.1  443.3  
269.0  703.2  
332.9  214.5  
759.2  258.1  
683.6  16.2  
845.1  852.4  
600.8  321.5  
668.0  526.8  
848.0  250.2  
256.2  73.2  
514.4  889.8  
611.4  531.0  
821.3  959.0  
736.7  344.0  
359.9  43.9  
23.9   5.1  
487.3  292.9  
708.3  820.1  
507.4  467.5  
1 
191.0  483.6  
923.4  43.4  
84.4  244.9  
711.4  611.2  
92.9  961.6  
867.5  166.1  
475.9  757.3  
777.5   7.0  
578.6  736.5  
743.7  922.6  
96.4  787.6  
946.4  101.5  
274.9  239.3  
809.7  95.0  
746.7  277.2  
173.3  937.7  
760.9  96.7  
981.1  845.3  
341.5  692.5  
456.5  434.4  
13 
324.0  600.5  
130.0  81.3  
378.0  137.0  
659.9  114.5  
880.7  582.4  
210.9  668.3  
528.9  312.3  
943.2  768.2  
122.1  38.3  
514.9  399.3  
211.6  452.6  
160.2  308.2  
433.8   5.4  
649.8  126.2  
461.9  84.2  
780.3  785.9  
684.7  910.2  
867.2  62.7  
47.2  527.1  
177.1  927.9  
2 
388.0  596.2  
638.4  700.3  
539.4  406.6  
822.4  577.7  
921.6  221.7  
789.2  374.2  
381.9  97.5  
808.0  387.3  
747.3  934.2  
849.3  831.5  
714.4  635.2  
516.1  624.7  
502.4  578.8  
671.8  29.5  
755.9  599.7  
139.0  143.9  
195.9  777.4  
844.3  735.3  
184.0  666.7  
313.0  105.6  
17 
102.2  479.8  
270.3  199.7  
287.7  657.6  
947.0  221.9  
506.9  778.5  
936.3  142.1  
294.6  561.0  
644.5  873.4  
232.8  674.0  
629.4  832.6  
813.0  773.3  
28.5  590.4  
617.6  763.8  
774.4  284.3  
76.8  880.0  
172.7  179.0  
359.8  443.0  
378.7  647.5  
100.7  325.7  
869.4  607.6  
2 
805.8  749.7  
398.8  366.8  
394.2  272.2  
599.6  68.2  
901.5  432.2  
881.2  674.8  
460.7  471.6  
292.4  224.4  
246.1  576.7  
301.2  126.1  
749.4  480.2  
485.9  192.5  
858.9  133.4  
293.2  184.6  
 2.8  900.8  
288.8  808.6  
650.5  687.5  
175.4  44.7  
959.7  775.1  
113.0  861.3  
4 
994.2  536.1  
667.9  465.8  
828.5  892.3  
711.9  405.3  
193.5  838.0  
154.7  673.6  
323.9  347.2  
532.5  457.2  
640.4  717.1  
460.1  541.1  
 5.8  268.7  
191.6  693.4  
444.1  236.4  
653.1  219.2  
349.3  514.4  
426.4  343.5  
50.5  94.3  
809.4  879.0  
986.6  521.3  
284.3  180.1  
7 
439.0  853.8  
683.1  786.2  
386.3  140.3  
426.6  103.4  
600.4  967.7  
109.2  869.1  
159.3  802.6  
313.2  395.7  
455.7  532.3  
745.0  970.0  
958.8  88.5  
20.5  53.1  
897.9  899.5  
39.7  419.1  
183.8  219.9  
778.4  622.8  
73.6  461.5  
409.0  459.9  
601.8  835.5  
563.3  202.2  
16 
672.6  71.3  
962.6  475.2  
384.5  358.2  
930.9  916.9  
103.2  900.9  
875.6  191.8  
921.4  928.7  
89.7  820.9  
968.4  508.8  
 4.7  188.2  
287.2  627.5  
261.9  748.7  
36.5  721.8  
350.5  872.0  
285.1  552.7  
675.3  957.7  
624.1  637.8  
432.9   8.6  
996.0  363.7  
925.4  99.3  
5 
801.0  291.1  
186.0  729.7  
380.7   7.0  
698.1  889.5  
11.7  886.3  
176.7  639.2  
148.2  925.4  
675.7  870.1  
275.9  547.7  
155.2  828.6  
223.0  112.9  
452.7  860.8  
545.8  461.2  
856.8  909.5  
386.7  956.1  
174.1  187.7  
247.2  360.2  
917.4  627.9  
367.1  615.5  
517.4  378.8  
10 
694.1  18.0  
650.1  619.5  
693.7  520.1  
895.4  241.4  
675.3  724.0  
464.4  788.2  
176.7  325.2  
334.0  637.9  
182.0  243.5  
24.6  138.1  
417.7  212.3  
385.3  777.8  
129.7  13.2  
144.9  745.2  
530.6  523.7  
247.0  224.6  
541.7  897.1  
844.1  235.4  
417.2  739.5  
476.9  92.5  
9 
941.2  880.7  
640.1  266.4  
214.7  278.0  
448.4  458.3  
302.6  586.5  
875.9  514.8  
971.8  653.8  
644.5  985.0  
798.7  389.7  
515.5  322.5  
636.7  740.2  
864.2  533.7  
584.3  99.6  
950.9  323.8  
576.5  43.4  
787.2  517.7  
924.1  427.3  
784.1  138.8  
705.3  232.6  
597.1   7.9  
