30 50 2.0
42 
394.4  783.1  
798.4  911.6  
197.6  335.2  
768.2  277.8  
554.0  477.4  
628.9  364.8  
513.4  952.2  
916.2  635.7  
717.3  141.6  
607.0  16.3  
242.9  137.2  
804.2  156.7  
400.9  129.8  
108.8  998.9  
218.3  512.9  
839.1  612.6  
296.0  637.6  
524.3  493.6  
972.8  292.5  
771.4  526.7  
769.9  400.2  
891.5  283.3  
352.5  807.7  
919.0  69.8  
949.3  526.0  
86.1  192.2  
663.2  890.2  
348.9  64.2  
20.0  457.7  
63.1  238.3  
970.6  902.2  
850.9  266.7  
539.8  375.2  
760.2  512.5  
667.7  531.6  
39.3  437.6  
931.8  930.8  
721.0  284.3  
738.5  640.0  
354.0  687.9  
166.0  440.1  
880.1  829.2  
330.3  229.0  
893.4  350.4  
686.7  956.5  
588.6  657.3  
858.7  439.6  
924.0  398.4  
814.8  684.2  
911.0  482.5  
10 
950.3  920.1  
147.7  881.1  
641.1  432.0  
619.6  281.1  
786.0  307.5  
447.0  226.1  
187.5  276.2  
556.4  416.5  
169.6  906.8  
103.2  126.1  
495.4  760.5  
984.8  935.0  
684.4  383.2  
749.8  368.7  
294.2  232.3  
584.5  244.4  
152.4  732.1  
125.5  793.5  
164.1  745.1  
74.5  950.1  
52.5  521.6  
176.2  240.1  
797.8  732.7  
656.6  967.4  
639.5  759.7  
93.5  134.9  
520.2  78.2  
69.9  204.7  
461.4  819.7  
573.3  755.6  
51.9  157.8  
1000.0  204.3  
890.0  125.5  
997.8  54.1  
870.5  72.3  
 4.2  923.1  
593.9  180.4  
163.1  391.7  
913.0  819.7  
359.1  552.5  
579.4  452.6  
687.4  99.6  
530.8  757.3  
304.3  992.2  
577.0  877.6  
747.8  628.9  
35.4  747.8  
833.2  925.4  
873.3  831.0  
979.4  743.8  
45 
983.6  666.9  
497.3  164.0  
830.0  888.9  
77.0  649.7  
248.0  629.5  
229.1  700.6  
316.9  328.8  
231.4  74.2  
633.1  223.7  
651.1  510.7  
971.5  280.0  
546.1  719.3  
113.3  471.5  
592.5  944.3  
450.9  336.4  
847.7  434.5  
 3.2  344.9  
598.5  833.2  
233.9  675.5  
483.0  481.9  
305.0  712.1  
182.6  621.8  
40.9  414.0  
696.0  673.9  
637.6  347.1  
184.6  609.1  
627.2  730.7  
328.4  740.4  
202.2  920.9  
684.8  653.1  
257.3  532.4  
87.6  260.5  
877.4  686.1  
93.7  111.3  
361.6  576.7  
593.2  666.6  
288.8  775.8  
288.4  329.6  
189.8  984.4  
 3.6  827.4  
331.5  188.2  
436.5  958.6  
918.9  764.9  
699.1  121.1  
685.8  383.8  
774.3  943.1  
916.3  861.9  
203.5  793.7  
548.0  297.3  
904.9  909.6  
43 
498.1  576.2  
162.8  273.9  
864.6  492.4  
463.7  848.9  
496.0  291.1  
180.4  684.2  
727.6  139.1  
603.1  492.4  
838.1  724.3  
178.2  222.0  
498.5  121.3  
138.2  360.4  
324.8  931.9  
908.5  622.1  
836.8  818.1  
496.1  335.0  
394.3  658.8  
608.9  258.9  
151.2  72.5  
107.8  647.2  
363.6  288.3  
331.4  91.1  
427.3  934.5  
583.6  265.5  
658.7  761.8  
487.4  157.3  
883.0  625.7  
517.7  207.8  
557.6  426.2  
829.9  394.4  
244.3  326.0  
729.4  638.7  
984.8  338.2  
897.6  136.1  
410.8   5.4  
783.3  774.4  
293.7  114.7  
865.5  721.0  
49.2  449.1  
986.5  707.9  
210.9  473.9  
865.2  93.9  
99.6  382.9  
301.8  657.1  
809.1  131.7  
51.5  53.4  
457.7  780.9  
692.1  442.6  
119.1  589.6  
578.6  529.9  
29 
361.9  304.3  
888.7  476.6  
169.8  609.7  
525.7  618.9  
596.2  233.7  
829.8  70.1  
98.8  923.7  
169.6  481.7  
225.5  826.8  
290.8  357.2  
878.3  344.3  
814.9  659.1  
36.3  257.5  
778.3  626.0  
836.1  308.2  
221.0  198.0  
612.4  109.7  
674.6  782.3  
719.5  200.4  
401.2  315.7  
434.0  231.0  
385.7  532.8  
154.7  555.4  
14.6  380.2  
382.2  305.4  
737.4  260.4  
649.7  552.3  
919.6  686.0  
809.8  697.8  
312.0  645.9  
 6.0  533.0  
843.9  618.4  
642.7  518.5  
400.7  362.2  
718.9  801.9  
677.8  152.9  
32.9  63.6  
685.7  187.6  
619.0  700.3  
567.8   1.1  
 5.7  305.2  
261.6  655.4  
857.6  181.2  
341.4  667.3  
879.0  653.3  
313.2  885.0  
186.3  157.1  
503.5  829.0  
675.7  904.2  
191.1  394.5  
35 
868.9  547.4  
739.0  932.5  
233.1  926.6  
551.4  933.4  
494.4  552.6  
939.1  799.6  
814.1  594.5  
657.2  995.3  
935.9  324.5  
874.3  589.2  
637.8  759.3  
775.4  794.9  
262.8  604.4  
470.6  167.0  
795.5  865.1  
873.0  664.4  
412.5  612.0  
596.9  645.6  
538.6  148.3  
579.0  33.0  
700.9  518.2  
832.6  515.0  
112.6  489.8  
510.3  48.5  
814.4  384.7  
637.7  452.1  
144.0  413.1  
247.0  406.8  
17.5  717.6  
573.7  812.9  
582.7  446.7  
477.4  995.2  
58.7  74.3  
640.8  597.3  
222.6  219.8  
630.2  923.5  
737.9  462.9  
438.6  850.6  
952.7  948.9  
899.1  767.0  
333.6  536.7  
219.1  477.6  
949.8  466.2  
884.3  967.3  
183.8  458.0  
780.2  766.4  
904.8  257.6  
761.6  963.5  
331.8  402.4  
560.8  554.4  
31 
191.0  478.0  
360.1  653.9  
916.5  210.7  
606.5  865.4  
109.8  373.6  
199.0  646.5  
592.7  676.6  
596.3  58.9  
560.9  563.6  
242.6  18.9  
343.8   9.1  
923.7  601.4  
770.7  887.2  
933.3  173.1  
448.0  487.7  
795.2  639.0  
965.7  155.3  
292.9  882.2  
366.0  899.4  
747.6  475.8  
273.0  946.6  
122.3  865.7  
623.2  718.7  
924.5  184.1  
282.3  167.2  
203.0  626.1  
176.2  126.7  
227.6  946.9  
13.9  160.8  
120.0  461.8  
648.5  915.2  
100.9  614.2  
70.6  393.7  
496.4  436.6  
293.2  244.1  
912.4  566.2  
190.7  34.7  
431.8  813.9  
753.4  356.4  
998.0  35.7  
523.5  200.9  
661.8  699.8  
327.6  889.3  
646.7  341.5  
50.2  766.7  
803.3  698.7  
681.9  904.2  
312.9  752.5  
297.9  809.4  
189.1  591.1  
2 
101.5  157.3  
244.1  136.2  
589.1  58.1  
889.6  945.5  
56.0  925.2  
469.1  257.0  
587.0  168.8  
584.6  476.4  
815.5  926.1  
526.5  582.3  
729.4  225.2  
264.2  633.6  
538.2  16.7  
931.5  347.5  
205.7  522.6  
401.0  307.2  
679.9  645.1  
443.3  269.0  
703.2  332.9  
214.5  759.2  
258.1  683.6  
16.2  845.1  
852.4  600.8  
321.5  668.0  
526.8  848.0  
250.2  256.2  
73.2  514.4  
889.8  611.4  
531.0  821.3  
959.0  736.7  
344.0  359.9  
43.9  23.9  
 5.1  487.3  
292.9  708.3  
820.1  507.4  
467.5  78.3  
191.0  483.6  
923.4  43.4  
84.4  244.9  
711.4  611.2  
92.9  961.6  
867.5  166.1  
475.9  757.3  
777.5   7.0  
578.6  736.5  
743.7  922.6  
96.4  787.6  
946.4  101.5  
274.9  239.3  
809.7  95.0  
37 
277.2  173.3  
937.7  760.9  
96.7  981.1  
845.3  341.5  
692.5  456.5  
434.4  654.0  
324.0  600.5  
130.0  81.3  
378.0  137.0  
659.9  114.5  
880.7  582.4  
210.9  668.3  
528.9  312.3  
943.2  768.2  
122.1  38.3  
514.9  399.3  
211.6  452.6  
160.2  308.2  
433.8   5.4  
649.8  126.2  
461.9  84.2  
780.3  785.9  
684.7  910.2  
867.2  62.7  
47.2  527.1  
177.1  927.9  
109.5  388.0  
596.2  638.4  
700.3  539.4  
406.6  822.4  
577.7  921.6  
221.7  789.2  
374.2  381.9  
97.5  808.0  
387.3  747.3  
934.2  849.3  
831.5  714.4  
635.2  516.1  
624.7  502.4  
578.8  671.8  
29.5  755.9  
599.7  139.0  
143.9  195.9  
777.4  844.3  
735.3  184.0  
666.7  313.0  
105.6  888.4  
102.2  479.8  
270.3  199.7  
287.7  657.6  
47 
221.9  506.9  
778.5  936.3  
142.1  294.6  
561.0  644.5  
873.4  232.8  
674.0  629.4  
832.6  813.0  
773.3  28.5  
590.4  617.6  
763.8  774.4  
284.3  76.8  
880.0  172.7  
179.0  359.8  
443.0  378.7  
647.5  100.7  
325.7  869.4  
607.6  104.2  
805.8  749.7  
398.8  366.8  
394.2  272.2  
599.6  68.2  
901.5  432.2  
881.2  674.8  
460.7  471.6  
292.4  224.4  
246.1  576.7  
301.2  126.1  
749.4  480.2  
485.9  192.5  
858.9  133.4  
293.2  184.6  
 2.8  900.8  
288.8  808.6  
650.5  687.5  
175.4  44.7  
959.7  775.1  
113.0  861.3  
207.3  994.2  
536.1  667.9  
465.8  828.5  
892.3  711.9  
405.3  193.5  
838.0  154.7  
673.6  323.9  
347.2  532.5  
457.2  640.4  
717.1  460.1  
541.1   5.8  
268.7  191.6  
693.4  444.1  
11 
653.1  219.2  
349.3  514.4  
426.4  343.5  
50.5  94.3  
809.4  879.0  
986.6  521.3  
284.3  180.1  
359.2  439.0  
853.8  683.1  
786.2  386.3  
140.3  426.6  
103.4  600.4  
967.7  109.2  
869.1  159.3  
802.6  313.2  
395.7  455.7  
532.3  745.0  
970.0  958.8  
88.5  20.5  
53.1  897.9  
899.5  39.7  
419.1  183.8  
219.9  778.4  
622.8  73.6  
461.5  409.0  
459.9  601.8  
835.5  563.3  
202.2  803.2  
672.6  71.3  
962.6  475.2  
384.5  358.2  
930.9  916.9  
103.2  900.9  
875.6  191.8  
921.4  928.7  
89.7  820.9  
968.4  508.8  
 4.7  188.2  
287.2  627.5  
261.9  748.7  
36.5  721.8  
350.5  872.0  
285.1  552.7  
675.3  957.7  
624.1  637.8  
432.9   8.6  
996.0  363.7  
925.4  99.3  
264.6  801.0  
291.1  186.0  
36 
380.7   7.0  
698.1  889.5  
11.7  886.3  
176.7  639.2  
148.2  925.4  
675.7  870.1  
275.9  547.7  
155.2  828.6  
223.0  112.9  
452.7  860.8  
545.8  461.2  
856.8  909.5  
386.7  956.1  
174.1  187.7  
247.2  360.2  
917.4  627.9  
367.1  615.5  
517.4  378.8  
501.8  694.1  
18.0  650.1  
619.5  693.7  
520.1  895.4  
241.4  675.3  
724.0  464.4  
788.2  176.7  
325.2  334.0  
637.9  182.0  
243.5  24.6  
138.1  417.7  
212.3  385.3  
777.8  129.7  
13.2  144.9  
745.2  530.6  
523.7  247.0  
224.6  541.7  
897.1  844.1  
235.4  417.2  
739.5  476.9  
92.5  463.4  
941.2  880.7  
640.1  266.4  
214.7  278.0  
448.4  458.3  
302.6  586.5  
875.9  514.8  
971.8  653.8  
644.5  985.0  
798.7  389.7  
515.5  322.5  
636.7  740.2  
43 
533.7  584.3  
99.6  950.9  
323.8  576.5  
43.4  787.2  
517.7  924.1  
427.3  784.1  
138.8  705.3  
232.6  597.1  
 7.9  819.1  
473.0  522.7  
790.9  126.8  
167.2  775.9  
925.5  556.9  
291.4  248.0  
193.6  31.6  
112.2  727.3  
615.9  211.8  
678.2  939.6  
788.3  721.5  
726.8  306.0  
645.6  154.1  
90.1  784.5  
859.4  322.7  
381.6  867.3  
141.8  854.6  
390.1  932.7  
981.5  557.3  
708.6  907.0  
114.2   0.0  
154.9  307.8  
31.7  267.1  
35.0  647.5  
478.9  713.2  
587.2  267.1  
434.7  314.0  
573.1  80.4  
468.2  663.3  
864.9  327.6  
985.9  246.5  
194.9  127.7  
101.1  585.0  
60.5  82.6  
142.3  769.1  
989.5  256.5  
769.1  144.5  
564.3  800.8  
411.6  599.3  
448.3  890.4  
312.5  35.5  
157.6  747.2  
17 
730.7  827.6  
817.7  393.9  
692.5  145.4  
379.9  939.0  
340.3  507.6  
40.1  925.3  
568.1  122.7  
67.6  337.2  
112.2  324.1  
106.3  256.7  
888.3  907.0  
668.2  487.6  
355.4  558.6  
800.1  390.9  
716.2  547.4  
740.5  446.9  
375.0  558.2  
840.8  67.5  
703.6  220.7  
 6.4  43.9  
728.3  46.5  
969.2  296.4  
169.2  36.8  
633.5  281.4  
360.9  739.8  
538.1  249.3  
646.8  206.3  
736.9   2.2  
764.9  537.0  
393.1  481.1  
84.4  133.5  
928.0  459.4  
691.7  768.8  
526.8  395.3  
989.5  533.3  
439.2  717.8  
579.8  408.4  
14.2  748.9  
445.2  647.7  
30.3  806.1  
387.5  568.4  
55.4  34.3  
774.7  792.3  
36.5  539.6  
329.3  429.6  
20.7  413.7  
563.2  948.7  
873.1  254.9  
717.5  399.9  
650.2  707.0  
46 
89.4  424.8  
512.9  497.8  
438.9  261.9  
943.1  86.6  
292.2  749.2  
474.1  860.6  
804.6  508.4  
635.2  597.0  
544.9  174.8  
926.3  974.5  
195.5  340.0  
537.7  144.2  
213.1  792.6  
861.8  613.0  
442.8  568.8  
546.2  532.2  
993.5  59.2  
30.1  432.5  
321.0  973.1  
519.0  613.3  
722.4  993.1  
473.8  527.0  
501.5  109.1  
124.0  46.4  
283.9  50.3  
20.9  479.5  
390.3  558.5  
623.7  603.4  
351.1  485.5  
216.5  793.9  
54.2  762.7  
326.1  47.7  
821.8  356.2  
480.2  142.9  
329.3  999.2  
756.1  51.7  
992.4  230.0  
578.7  493.8  
339.1  702.7  
540.2  623.0  
752.9  561.1  
102.4  143.2  
119.6  726.1  
746.6  470.7  
211.6  963.1  
264.6  265.8  
725.8  590.6  
313.6  547.6  
946.8  793.8  
690.5  276.1  
39 
446.6  327.8  
785.3  676.6  
906.5  279.2  
15.7  609.2  
819.4  638.7  
362.1  380.4  
741.1  505.3  
500.0  467.3  
252.0  970.7  
678.9  215.1  
235.2  944.7  
940.8  825.9  
258.3  488.4  
772.7  52.0  
179.0  48.8  
845.0  625.6  
376.6  630.4  
302.2  283.1  
909.5  317.9  
892.3  728.9  
956.6  254.4  
109.3  697.7  
759.8  609.4  
165.0  11.7  
580.0  843.9  
226.8  815.3  
788.6  167.6  
641.2  46.8  
656.1  413.9  
98.9  835.1  
462.7  943.9  
460.6  839.4  
574.2  762.9  
122.5  483.7  
80.8  14.8  
212.6  37.4  
269.2  322.0  
735.1  29.0  
931.3  900.2  
40.8  511.4  
744.1  267.6  
326.7  532.6  
435.2  967.9  
579.5  91.3  
381.8  678.4  
926.4  844.5  
622.2  387.0  
683.8  196.4  
149.9  806.3  
680.2  230.7  
41 
892.8  268.1  
90.4  214.8  
 3.2  119.4  
146.1  903.4  
160.1  657.5  
647.4  427.7  
984.2  180.1  
862.9  952.1  
759.6  954.2  
333.8  437.9  
880.6  178.3  
60.2  267.6  
862.1  256.6  
417.5  668.5  
936.8  648.2  
489.6  829.6  
916.3  580.0  
44.4  919.5  
699.3  190.5  
822.9  859.5  
848.0  470.3  
287.2  832.2  
650.4  150.1  
784.3  410.0  
104.3  118.1  
848.0  984.9  
296.4  908.1  
252.5  158.6  
164.7  670.0  
827.1  101.4  
318.2  316.7  
931.0  234.4  
896.6  975.4  
153.9  596.0  
165.9  976.8  
455.4  13.9  
447.1  742.6  
846.1  97.5  
892.7  630.4  
507.6  997.1  
748.6  355.5  
982.0  45.0  
263.6  234.5  
203.6  428.3  
904.5  30.6  
529.8  222.7  
347.3  460.8  
457.2  243.9  
436.1  611.1  
839.9  602.0  
29 
295.3  615.9  
35.0  37.9  
462.1  132.6  
930.7  92.5  
640.1  927.7  
841.0  995.6  
909.7  886.0  
259.2  144.2  
89.6  687.5  
48.7  120.2  
217.3  271.5  
467.5  678.1  
728.6  711.4  
114.2  339.7  
551.3  716.2  
927.6  846.6  
332.2  962.6  
884.5  794.2  
95.2  815.2  
886.7  735.3  
742.9  727.8  
730.9  652.6  
613.8  990.2  
796.8  703.4  
677.7  845.5  
823.7  895.0  
117.0  291.2  
573.1  845.6  
 2.6  687.3  
185.4  553.9  
403.5  113.0  
400.5  735.7  
75.6  285.1  
530.0  170.8  
100.3  416.7  
906.1  843.2  
144.5  637.1  
495.8  758.3  
627.2  292.6  
461.7  304.9  
138.1  285.4  
199.9  255.1  
576.6  773.0  
100.7  579.2  
460.3  286.1  
133.1  863.9  
399.1  533.6  
599.6  474.7  
818.7  129.5  
645.5  919.0  
27 
551.6  762.2  
690.7  188.7  
257.9  449.0  
815.9  550.5  
910.7  120.8  
688.6  196.1  
320.8  943.7  
772.6  93.8  
44.4  351.8  
554.1  330.4  
484.9  417.9  
729.5  18.6  
17.5  204.2  
837.3  147.1  
849.7  756.3  
693.3  401.3  
518.4  384.0  
590.0  776.4  
833.1  405.9  
326.9  743.8  
526.8  15.4  
939.9  847.5  
959.1  712.5  
941.3   3.5  
64.3  495.4  
333.9  549.3  
913.4  63.4  
567.8  930.9  
267.6  405.1  
77.9  117.3  
161.4  771.2  
518.6  679.8  
155.3  108.6  
456.2  988.4  
514.5  783.0  
732.1  41.3  
798.5  672.0  
888.8  757.6  
384.5  830.1  
761.0  448.9  
325.5  94.9  
998.1  238.9  
158.3  566.0  
169.7  425.9  
971.0  247.7  
543.2  132.4  
18.9  61.8  
812.2  174.2  
170.4  268.4  
162.6  684.9  
2 
894.7  726.2  
849.9  566.7  
615.0  607.4  
951.3  445.1  
368.5  400.1  
770.6  463.4  
398.3   9.5  
621.7  964.2  
179.2  47.6  
935.3  426.9  
590.8  67.7  
445.8  652.5  
879.9  620.1  
822.9  148.2  
782.6  507.8  
199.6  677.3  
233.9  49.5  
244.1  848.9  
656.9  195.3  
294.0  25.4  
595.5  64.6  
488.7  993.8  
74.1  110.4  
958.0  253.3  
158.0  893.3  
680.2  748.8  
961.0  126.0  
401.3  840.9  
746.1  224.2  
989.1  528.7  
731.9  188.8  
206.0  965.9  
238.2  450.1  
814.8  895.1  
645.5  108.8  
920.5  240.9  
173.4  409.2  
234.7  247.4  
519.6  192.7  
500.7  677.7  
86.1  180.9  
426.4  47.1  
306.9  827.7  
888.0  53.0  
51.9  877.1  
581.7  783.8  
65.9  787.7  
749.7  304.1  
237.8  564.5  
199.2  883.3  
33 
119.7  124.2  
846.6  528.9  
358.9  94.1  
48.5  551.7  
594.8  726.2  
637.7  775.7  
152.6  684.8  
82.6  980.3  
572.8  135.5  
32.2  449.9  
717.2  816.0  
515.7  505.0  
565.7  819.8  
742.8  130.2  
19.0  626.1  
803.4  138.7  
750.3  650.1  
667.6  109.3  
744.1  716.1  
661.0  338.9  
442.3  298.7  
114.6  594.9  
983.5  197.2  
575.2  556.3  
332.7  607.4  
 6.1  49.9  
423.4  521.8  
554.9  989.1  
341.6  297.7  
119.2  360.6  
923.8  922.7  
499.3  674.1  
572.7  166.8  
783.4  316.9  
882.9  444.4  
655.8  325.2  
743.1  770.4  
920.1  726.6  
967.6  495.3  
282.8  300.3  
102.7  289.0  
350.2  526.1  
810.8  905.1  
515.1  152.4  
202.8  634.3  
513.0  126.6  
557.0  12.3  
800.7  129.7  
179.1  584.1  
446.6  62.1  
1 
102.4  387.3  
771.6  872.8  
307.4  498.2  
840.4  802.7  
781.0  140.7  
905.3  69.9  
490.9  431.4  
880.7  396.0  
946.5  33.1  
598.8  580.9  
546.2  725.4  
137.9  558.5  
526.1  267.6  
737.6  110.2  
714.2  799.7  
138.7  816.7  
187.0  910.3  
689.5  494.3  
408.4  529.9  
297.0  189.4  
670.6  202.3  
259.3  161.5  
633.7  140.1  
557.5  580.3  
173.2  156.3  
161.1  719.4  
881.6  299.0  
277.9  407.7  
566.6  15.5  
517.9  280.9  
815.2  656.5  
97.5   2.1  
566.8  787.0  
496.4  975.2  
316.9  793.4  
164.6  987.5  
995.7  424.0  
149.0  629.5  
564.0  706.5  
209.7  737.3  
862.8  370.9  
456.7  744.4  
669.9  734.5  
152.1  236.5  
750.0  669.9  
517.3  565.2  
326.5  614.9  
567.3  893.3  
401.9  63.7  
868.5  718.8  
42 
33.1  706.4  
852.9  457.1  
855.4  482.4  
21.1  561.9  
692.1  758.4  
424.7  62.9  
215.0  169.1  
732.8  949.6  
321.2  969.3  
699.6  991.1  
486.6  264.8  
317.5  101.5  
832.1  210.8  
503.4  895.8  
79.3  222.2  
753.0  112.4  
928.6  605.9  
569.4  784.0  
88.2  590.5  
346.0  780.3  
348.9  770.7  
843.2  563.9  
939.8  576.0  
513.5  261.0  
545.4  213.1  
252.1  32.0  
477.9  569.6  
133.5  310.0  
780.4  636.9  
205.8  859.7  
859.1  958.8  
972.1  787.7  
564.6  541.5  
571.8  652.8  
132.0  917.7  
433.1  480.9  
688.4  276.3  
44.8  628.2  
852.4  558.3  
889.2  397.7  
771.4  141.2  
429.8  249.3  
710.8  563.3  
559.2  491.2  
200.2  765.1  
350.9  59.3  
723.8  323.0  
847.0  288.5  
864.4  418.8  
941.3  996.4  
16 
374.4  477.3  
24.9  650.8  
522.1  653.1  
503.1  80.4  
542.2  900.9  
851.8  683.5  
330.6  101.1  
394.3  893.9  
660.3  885.5  
94.1  425.4  
236.4  153.4  
149.2  559.3  
 0.4  437.7  
423.8  419.2  
379.0  420.2  
755.7  753.4  
897.5  780.6  
404.1  419.7  
433.7  907.3  
500.1  975.9  
808.2  351.9  
659.4  138.8  
452.9  53.6  
32.7  113.2  
939.1  126.8  
538.6  175.5  
280.2  687.8  
734.8  280.6  
125.4  158.6  
699.8  504.4  
578.8  455.5  
257.8  476.4  
236.1  661.9  
896.0  669.8  
569.2  396.1  
645.7  377.4  
747.9  305.1  
516.2  200.8  
358.7  548.9  
314.1  297.8  
675.8  852.6  
473.3  955.9  
540.4  208.2  
236.5  665.8  
366.8  936.3  
170.2  945.6  
391.8  428.0  
422.0  627.9  
89.9  318.0  
297.6  659.1  
35 
943.3  36.5  
462.0  248.4  
552.7  662.9  
607.1  101.6  
976.9  905.0  
777.4  829.6  
378.3  733.3  
369.9  586.5  
969.8  35.8  
953.3  906.2  
206.0  898.9  
298.0  634.0  
320.9  925.8  
723.9  638.9  
223.4  383.0  
352.9  166.8  
419.5  815.0  
415.2  972.2  
477.9  22.3  
73.8  454.8  
927.2  851.2  
284.4  305.6  
584.5  654.3  
892.1  554.4  
690.1  845.3  
460.5  896.1  
744.2  758.5  
530.0  65.1  
684.3  253.9  
703.9  907.8  
637.0  56.9  
74.5  56.5  
871.9  489.7  
28.7  349.7  
511.9  102.5  
804.5  439.2  
953.7  88.9  
744.7  538.2  
743.2  636.8  
92.6  433.2  
482.1  553.1  
329.3  226.3  
311.6  859.3  
291.4  995.9  
113.3  995.3  
903.7  750.2  
52.2  978.2  
806.7  924.0  
467.8  835.3  
273.7  979.8  
46 
78.2  418.9  
891.5  167.1  
163.7  429.7  
910.3  800.4  
522.3  343.5  
282.5  75.4  
672.8  508.9  
387.0  532.1  
800.2  382.9  
645.4  795.5  
286.6  395.6  
847.7  264.7  
202.3  771.7  
732.6  37.7  
45.5  712.3  
975.5  123.7  
131.2  867.0  
290.8  294.9  
296.7  201.1  
95.3  819.0  
544.6  377.9  
894.4  217.3  
886.7  281.4  
749.5  687.0  
664.3  394.8  
482.5  950.9  
790.5  330.2  
215.6  992.8  
102.0  948.2  
30.4  147.4  
660.5   5.9  
271.1  791.8  
872.9  561.9  
86.7  169.6  
763.0  182.0  
988.6  307.5  
559.9  883.0  
524.9  446.6  
164.4  274.3  
133.6  828.7  
669.2  616.2  
779.6  459.6  
946.4  995.3  
452.4  48.3  
943.5  482.8  
195.8  604.0  
488.7  466.9  
395.8  361.6  
28.8  482.4  
531.3  791.7  
33 
519.9  99.3  
224.3  402.9  
624.1  671.0  
567.3  898.5  
804.6  396.0  
567.6  420.8  
175.6  27.3  
367.2  170.9  
479.7  415.5  
114.3  962.5  
611.3  718.3  
451.3  78.1  
114.1  812.9  
106.9  596.5  
344.2  898.6  
260.9  864.0  
997.9  485.3  
266.9  622.0  
156.2  834.1  
520.5  960.9  
230.1  88.1  
381.7  405.7  
115.4  748.8  
576.6  595.1  
164.4  690.9  
557.6  775.6  
409.2   8.9  
853.8  523.3  
821.8  960.7  
119.8  165.9  
859.3  380.7  
30.0  857.2  
865.9  296.8  
479.2  22.2  
131.0  999.7  
983.0  361.1  
87.8  364.7  
766.9  203.2  
113.5  343.5  
798.3  277.9  
34.4  355.9  
53.5  443.6  
364.8  907.3  
966.9  186.6  
868.0  86.6  
352.5  727.3  
467.3  382.5  
584.4  333.2  
679.3  63.6  
355.4  810.3  
3 
338.4  171.4  
151.0  703.1  
938.2  354.2  
816.7  281.7  
152.5  94.5  
316.1  508.4  
148.1  759.7  
873.2  55.4  
726.6  59.8  
923.4  813.2  
412.3  650.6  
280.5  794.8  
235.0  613.7  
474.0  298.6  
969.1  284.3  
361.9  307.5  
455.7  512.9  
10.6  393.9  
867.1  827.3  
675.7  19.6  
921.8  991.8  
528.1  69.9  
751.4  401.3  
125.3  478.0  
461.1  48.6  
291.2  873.4  
699.3  571.6  
668.2  934.3  
185.3  142.2  
233.0  154.4  
426.5  594.8  
461.9  882.2  
107.7  472.5  
276.2  974.9  
299.8  951.8  
994.5  221.6  
943.6  522.6  
291.5  695.0  
923.9  416.8  
173.0  385.0  
465.4  464.2  
258.4  164.7  
35.8  926.6  
99.0  221.2  
68.8  331.9  
375.6  495.4  
926.7  837.5  
377.6  34.5  
310.0  653.8  
 9.4  609.7  
30 
 3.9  831.3  
549.2  526.5  
122.8  244.3  
450.3  539.5  
417.3  835.3  
 4.9  881.5  
93.8  169.6  
917.4  20.3  
268.6  138.5  
89.2  600.5  
514.1  584.5  
527.2  351.6  
962.1  561.7  
661.5  615.9  
571.1  271.3  
221.5  574.9  
102.6  770.8  
101.4  225.4  
15.1  551.7  
764.9  432.4  
387.1  769.9  
313.9  480.8  
939.5  231.3  
501.2  208.0  
369.8  590.3  
808.5  883.9  
174.9  335.7  
235.5  137.0  
897.4  897.0  
752.9  468.5  
168.2  974.4  
43.4  270.8  
745.2  144.8  
496.2  760.2  
696.5  261.1  
192.6  83.6  
31.0  506.5  
564.4  970.4  
737.7  65.6  
178.4  107.5  
655.9  986.9  
991.4  830.8  
322.6  226.9  
967.7  220.1  
123.8  720.6  
688.5  292.1  
695.0  732.0  
562.9  440.2  
876.7  59.0  
200.4  573.3  
16 
393.0  656.8  
351.1  899.4  
221.2  321.5  
637.2  286.8  
500.0  744.7  
942.7  486.9  
736.1  773.5  
809.5  963.0  
741.2  29.6  
86.8  461.8  
718.1  378.9  
156.8  450.1  
941.7  597.0  
326.8   0.8  
797.3  900.1  
320.9  190.3  
556.9  672.0  
89.7  778.2  
993.5  726.9  
65.0  493.5  
471.6   7.7  
980.4  207.7  
781.2  789.9  
170.6  522.4  
819.4  257.4  
984.3  537.5  
636.3  141.1  
987.6  578.0  
738.0  314.4  
578.8  535.4  
214.5  899.7  
725.7  771.4  
571.7  815.4  
549.5  565.3  
542.3  614.5  
58.8  13.9  
622.2  39.1  
221.6  403.4  
829.0  392.2  
925.9  648.5  
649.6  910.1  
186.0  285.9  
51.2  173.6  
863.9  789.2  
488.0  442.7  
324.6  702.4  
342.4  50.3  
473.8  914.1  
865.7  23.3  
479.3  408.0  
